--- Страница 148 ---
Таблыца № 41 (продолжен ue)
80     246| 82.0* |245| 20.4 | 86.85* | 56.4 | 90      56.0 | 40.8
82.0* |24.5| 90      24.9         90     56.5
90     24.4                     100     57.4
400     25.9                      20     88.0] 20      94.0| 47.6
0     73.4| 10      68.6| 27.2 1 30     82.0] 30      86.0
40     64.3| 20      63.8         40     76.8 | 40      80.7
20     58.3 | 30      58.8         50     72.4| 50      75.9
30     50.5 | 40      53.7         60     69.1 | 60      71.7
40     46.4 | 50      48.7         70     66.4] 70      67.9
50     42.7| 60      44.3         80     64.8 | 80      65.5
60     40.2| 70      40.4         88.1* |64.4А| 88.1" | 64.4
70     38.6 | 80      37.9         90     6.4 | 90      64.7
80     37.4 | 85.5% | 37.1         100     65.3
85.5* |374 | 90      37.6         40     84.91 40      86.5 | 54.4
90     37.4                      50     80.3| 50      82.5
400     38.3                      60     76.6 | 60      78.5
0     85.4] 10      80.0| 34.0 1 70     74.0| 70      75.4
40     76.4) 20      74.6         80     72.3} 80      72.8
20     68.7} 30      69.4         89.75" | 74.8| 89.75" | 71.8
30     62.4 | 40      64.0         90     714.8| 90      72.0
40     57.6 | 50      59.3        400     72.5
50     53.7 | 60      54.9         60     83.2| 60      84.4 | 61.2
60     54.1| 70      50.9         70     80.6 | 70      81.5
70     49.4 | 80      48.4         80     78.8 | 80      79.2
80     48.0| 85.5" | 47.6         90     78.2 | 90      78.4
85.5°   47.6   90      47.8         0.4°   78.2 | 90.4" | 78.2
АТ.                      1       78.8
100     48.6                      80     84.8] 80      85.3| 68.0
0     95.2 | 40      89.3 | 40.8 | 90     84.21 90      84.4
40     86.9] 20      83.7         91.8* | 84.3] 91.8" | 84.3
20     79.2 | 30      78.2         100     84.7
30     72.8| 40      73.1         90     89.71 90      89.8 | 74.8
ry     67.9| 50      68.3         93.0" |89.8| 93.0" | 89.8
50     63.7 | 60      63.8         400     90.4
60     60.7 | 70      60.0         94.3* |95.0| 94.3* | 95.0] 81.6
70     58.4 | 80      57.6         100     95.3
80     56.0 | 86.85* |56.4
Примечание Звездочкой помечены аэвотроппые точки.
№ 42                 СЕРОВОДОРОД—ПРОПАН                 [383]
H,S—C,H,
i   ”. Ш
4.0          18.0         —40.0          1.36          70.0          70.0         —56.2          1.36
10.0     36.0    —45.6            94.6     92.0    —55.5
17.0     54.5    —51.4            98.5     97.4    iA
25.5     63.5    —i4             4.5     TA    —12.2     3.40
32.0     67.0    —55.5             5.6     23.4    —47.8
149

