--- Страница 130 ---
№2 ВОДОРОД—ДЕЙТЕРИЙ [1031]
H,—D,
|
х | y t Р V1 \2
0.0 0.0 Нет данных 760 — 1.000
10.0 22.4 1.074 1.001
20.0 39.4 1.059 1.003
30.0 52.1 1.045 1.009
40.0 63.6 1.033 1.015
50.0 72.6 1.022 1.025
60.0 79.8 1.014 1.037
70.0 85.9 1.008 1.052
80.0 91.5 1.003 1.071
90.0 96.0 1.001 1.088
100.0 100.0 1.000 —
№ 3 ВОДОРОД—АЗОТ [1052]
Н.—№
x | y | Г | Р, ата | x | y | t | P, ata
0 0 —240 12.15 21.9 92.2, —205 147.39
2.0 98.7 12.17 22.0 90.8 147.39
2.5 98.4 12.21 25.2 90.3 176.34
2.7 98.0 47.11 29.6 87.0 209.24
4.1 98.1 26.74 30.7 88.1 223.06
51 98.4 36.32 34.1 85.4 225.04
1.5 98.2 46.32 0 0 —195 1.10
8.3 98.4 55.53 2.3 90.5 17.17
8.5 97.4 55.67 7.3 93.0 49.14
12.0 96.3 89.83 11.9 93.7 55.67
14.3 94.8 118.44 17.5 92.2 79.78
14.7 95.7 118.44 24.8 89.5 113.83
15.2 — 118.44 33.4 84.0 147.39
17.2 95.7 147.39 37.9 81.3 161.87
19.4 — 176.34 43.0 15.9 176.34
19.5 93.3 176.34 47.9 70.0 185.56
21.0 91.5 205.30 54.9 61.7 190.82
21.6 93.5 205.30 0 0 —185 2.39
22.1 — 245.17 2.4 77.0 17.11
22.2 92.9 245.17 5.3 83.3 26.71
0 0 —205 0.29 9.2 85.3 41.19
3.3 97.3 47.17 — 86.2 55.93
4.6 97.6 25.58 20.7 86.6 80.01
6.6 97.6 36.12 28.3 82.1 104.23
7.6 97.9 45.80 34.5 78.3 118.44
9.4 97.3 55.93 38.7 74.5 128.31
15.4 95.5 89.49 42.0 71.2 132.26
14.7 95.3 89.75 47.0 50.8 137.52
18.1 94.4 118.44
130

--- Страница 131 ---
м4 BOJIOPO]—A30T [210]
H,—N,
ey a aS i a
т | y | t | Р, ата | x | y | f | P,ata
3.0 84.0 |— 195.46 | 12.0 9.0 88.5 |-— 190.16 | 33.69
7.0 88.0 20.0 12.0 89.5 50.04
75 88.5 26.0 4.5 62.0 | 183.46 | 12.0
8.0 90-3 33.69 5.5 73.0 20.0
44.5 92.0 50.04 7.0 77.0 26.0
4.0 790 |—190.16| 12.0 9.0 80.0 33.69:
5.0 86.0 20.0 13.0 82.0 50.04.
7.0 87.5 26.0
Примечание. Ланные рассчитаны по графику, приведенному в статье.
№5 ВОДОРОД—АЗОТ [53]
H,—N,
ac
х | y | i | P, ata | x | и | t | P, ata
0.0 0.0 | —194.0 1.2 26.9 — —186.9 | 143
4.2 91.0 18.9 33.7 80.4 126
6.9 — 34.4 37.5 77.0 134
10.7 93.6 53 43.0 56.6 144
15.8 92.2 69 0.0 0.0 | — 177.6 5.5
17.3 91.3 81 2.7 51.6 13.5
19.9 91.5 98 4.2 69.2 25.1
21.3 90.2 403 10.2 73.0 43.8,
22.4 88.9 141 16.2 73.3 63
26.6 — 424 22.1 72.7 79
27.1 — 126 27.7 72.2 94
33.7 82.0 148 39.4 69.1 113
36.4 80.5 158 44.7 63.5 119
45.7 69.7 181 43.2 41.3 120
0.0 0.0 | —186.9 2.5 0.0 0.0 | —164.0 13.3
5.2 83.0 24.1 1.8 20.7 19.6
9.8 86.5 45.0 — 42.3 35.0
16.0 — 69 10.3 48.9 46.4
— 87.0 80 15.6 50.0 59
25.5 84.1 106 | 28.4 45.7 | 80
№6 ВОДОРОД— АЗОТ [739]
H,— N,
ae
x | y | t | P, ata | x | р | t | P, ata
a ee ди
07 0 —183.0 | 3.546 2.48 | 67.32 | —183.0 | 13.380
37.53 6.049 — 73.24 17.612
1.19 52.47 8.320 5.34 | 78.00 24.085
159 57.91 9.707 11.45 | 83.04 45.323
И 58.55 9.928 0 0 —178.0 | 5.332
ue 59.03 10.069 1.49 | 44.92 10.939
и | п | о | fe ion
2.34 | 66.19 12.798 | —
g* 131

--- Страница 132 ---
мт ВОДОРОД—АММИАК [884]
H,—NH,
a a a a aa А
x | y | ГА | P, ата | x | и | Е | Р, ата
0.0 0.0 4,4 4.98 2.30 70.38 71.1 170
0.21 83.70 ЗА 2.90 73.95 204
0.40 91.44 68 3.50 76.40 238
0.55 94.01 102 4.10 78.31 272
0.70 95.24 136 4.70 79.80 306
0.85 95.95 170 5.30 80.98 340
4.02 96.40 204 5.90 81.85 3t4
4.20 96.64 238 6.50 82.66 408
4.40 96.90 272 0.0 0.0 104.4 67.29
1.60 97.05 306 0.04 0.86 68
1.81 97.45 340 1.15 21.62 102
2.03 97.18 374 2.26 33.00 136
2.25 97.20 408 3.36 40.56 170
0.0 0.0 37.8 14.41 4.50 46.20 204
0.25 53.50 34 5.60 50.24 238
0.56 74.90 68 6.70 53.43 272
0.85 81.83 102 7.75 55.80 306
1.15 85.62 136 | 8.85 57.88 340
1.47 87.79 170 | 9.95 59.52 374
1.81 89.23 204 11.05 60.96 408
2.47 90.33 238 0.0 0.0 121.1 91.6
2.55 91.10 212 1.02 5.30 102
2.95 91.65 306 3.09 15.93 136
3.35 92.19 340 4.90 23.32 170
3.75 92.46 374 6.50 27.95 204
4.13 92.70 408 8.05 31.25 238
0.0 0.0 71.1 33.51 9.53 33.60 272
0.01 0.99 34 11.10 35.28 306
0.65 42.20 68 12.47 36.15 340
1.15 57.65 102 13.67 36.79 314
1.70 65.54 136 15.00 37.01 408
N 8 ВОДОРОД—ОКИСЬ УГЛЕРОДА [240, 1052]
H,—CO
x | y | i | Р, ата | х | y | t | P, ata
3.0 97.9 —205 16.98 | 15.8 96.8 —205 152.26
3.3 98.2 21.11 16.3 94.6 152.26
4.2 97.6 26.58 18.8 93.9 190.82
4.9 98.6 31.65 20.2 93.4 215.03
— 98.7 41.26 0 0 —200 0.33
6.2 98.5 41.32, 3.3 96.7 17.3
6.3 97.5 41.32 — 95.4 22.17
— 97.7 19.15 — 96.4 31.45
10.2 97.1 19.75 5.6 97.5 31.85
— 96.2 118.44 — 97.0 50.93
13.8 96.5 421.07 | 8.4 96.7 51.06
132

--- Страница 133 ---
Таблица № 8 (продолжение)
УннБцдцдцдц—дд—дццтКЗиГтКД—ЮАУ, КП
x | y | i | P, ата | x | y | i | Р, ата ^
Эт
— 96.3 —200 79.62 32.9 84.3 —490 | 166.76
12.0 96.4 80.14 34.4 83.1 177.0
42.7 95.9 80.21 36.8 80.8 185.82
16.5 94.8 113.83 38.1 80.5 190.82
16.6 95.1 114,23 40.1 79.5 196.08
_ 94.2 128.31 41.1 76.7 200.69
— 93.5 142.79 44.5 77.7 200.69
20.6 93.0 152.66 43.0 80.0 205.3
— 93.1 152.66 43.5 76.6 205.3
21.8 91.7 177.0 44.8 75.9 210.56
23.0 92.0 177.0 47.0 75.9 210.56
23.6 91.4 186.64 48.6 69.4 221.09
25.0 91.2 205.3 54.1 66.3 223.72
25.7 90.2 205.3 0 0 —185 2.16
26.5 89.3 223.72 3.6 84.0 17.24
27.5 89.0 225.04 5.2 86.6 22.11
0 0 —190 1.18 7.4 88.8 31.39
2.7 89.9 17.17 12.6 — 55.4
10.2 93.1 54.19 12.9 89.3 56.85
12.5 93.2 51.19 13.4 90.2 56.98
17.0 92.0 89.36 20.3 88.8 89.36
19.5 91.8 89.36 21.7 88.7 113.18
20.6 90.6 109.89 — 86.7 128.31
21.0 90.7 110.08 30.4 84.8 128.34
22.8 90.4 110.08 30.3 84.8 128.44
24.9 88.9 128.31 44.0 77.1 166.47
25.4 88.8 128.31 | 45.4 70.4 181.61
29.2 84.0 166.87
1
№.9 ВОДОРОД--МЕТАН [533]
H,—CH,
wee
х | y | 1 | P, ata | zx | y | t | Р, ата
ЗО ООО ОА ПО ООО ПО ООО ООО
0.38 98.35 | —182.5 16.89 7.6 96.88 | —182.5 | 128.3
о 98.54 21.61 8.19 | 98.46 128.26
1:07 98.84 55.82 8.9 97.83 166.87
37 98.75 55.59 9.58 | 97.87 205.3
>. 3 99.05 79.59 10.2 97.89 195.75
59 98.82 99.34 |
|
133

--- Страница 134 ---
№ 10 ВОДОРОД-—МЕТАН [258]
H,—CH,
|
x : у | t | Р, ата | x | y | t | P,ata
eS ORO И НН
2.4 96.8 —182.7 49 | 6.4 — —163.0 78
3.6 97.5 76 1.1 94,2 90
5.0 96.9 102 8.5 93.6 97
6.4 — 139 8.1 91.9 103
8.1 96.8 164 11.1 91.2 138
8.2 96.4 174 11.9 92.0 144
— 94.8 206 15.6 91.0 187
9.7 94.4 224 3.2 86.9 —151.0 | 36
2.2 94.7 —169.9 39 6.3 92.5 77
4.0 96.4 77 9.2 91.1 96
5.1 96.1 104 9.9 89.8 112
5.2 — 111 11.6 88.8 140
7.5 95.8 146 16.2 87,7 187
10.5 95.7 175 3.8 85.5 — 146.0 37
13.8 94.2 234 6.7 87.4 62
3.3 92.6 —163.0 32 9.3 89.3 85
4,2 92.7 49 14.3 86.9 131
5.8 93.6 66
№ 11 ВОДОРОД— МЕТАН [350]
Н.— СВ
иди ии
x | у | t | Р, ата | x | y | $ | Р, ата
1.70 15.83 — 101.1 34.0 | 18.05 78.23 —128.9 135.3
8.77 40.60 68.0 34.99 74.51 204.0
12.55 46.34 87.0 3.18 92.79 — 156.6 33.3
16.22 46.78 102.0 9.50 94.66 101.3
3.43 63.92 —128.9 34.0 13.94 93.83 156.4
7.81 76.18 68.0 31.70 92.89 272.0
13.10 79.31 101.3
№ 12 ВОДОРОД—МЕТИЛОВЫЙ СПИРТ [765]
H,—CH,0
nD
x | y | t | Р, ата | x | y | t | Р, ата
_ р ee oe os ee
1.84 98.04 15 84 — 96.04 99.3 100
2.56 95.45 124 — 96.46 120
— 98.69 150 — 97.34 150 .
— 99.05 250 — 97.63 200
5.87 — 300 — 97.90 250
— 99.31 400 6.35 98.21 300
9.17 — 500 — 98.47 400
— 99.88 600 | 10.46 — 500
13.86 99.39 800 | — 98.71 600
| 15.66 98.92 800
134

--- Страница 135 ---
№ 13 ВОДОРОД—ЭТИЛЕН [146]
H,—C,Hg
ee a a aS a
т | y | i | P, ата | х | y | t | Р, ата
ымььБвБвБзвднньБьБь к с1ыокБЬЬ—ё—ШьыьБьБььщтБзтмтнттщтты=ыты:тыФъФьФы=
0.0 0.0 —85 2.64 1.20 94.7 —405 23.4
0.7 76.8 14.4 1.30 93.5 32.6
7 85.6 29.5 1.40 93.4 34.3
2.2 87.4 33.4 1.55 94.7 34.8
2.75 85.7 42.7 2.22 93.4 44.9
36 90.2 52.2 2.40 95.8 48.8
5.2 93.0 79.0 3.45 95.7 58.4
0.0 0.0 —95 1.59 0.00 0.0 —115 0.49
0.8 80.6 14.0 0.45 90.6 10.0
1.03 85.2 [7.6 0.60 92.7 16.4
1.96 91.8 31.8 1.03 94.5 24.8
1.9 92.8 35.2 | 1.10 94.7 27.3
232 | 94.9 384 | 1.48 95.8 38.9
2.6 92.2 46.1 .92 96.4 4.2
3.4 93.4 57.0 2.45 95.7 50.3
4.1 94.2 74.2 2.80 95.9 59.5
0.00 0.0 —105 0.93 3.40 97.7 72.2
1.10 89.8 18.6 |
1
Ne 414 ВОДОРОД—ЭТИЛЕН [1084]
Hi,— C,H
x | y | Е | Р, ата | x | y | i | Р, ата
|
0.84 | 14.36 | —17.8 34 | 41.97 81.46 —73.3 34
15:83 43.17 68 4.16 88.43 68
. 7. 136 8.48 91.55 136
26.70 51.40 204 16.40 92.60 272
. AQ 238 30.78 89.71 544
roe 34.88 —31.7 34 0.75 92.70 | —404.4 17
. .17 68 1.53 93.96 34
12.82 | 70.54 136 3.04 96.67 68
29.27 | 71.13 212 5.00 97.35 136
39.52 60.47 340 11.03 97.28 272
Ve 24.08 —45.6 17 19.46 96.33 544
1.97 55.55 34 0.65 95.55 | —4145.0 17
110 73.01 68 1.30 | 97.63 34
. . 136 2.51 96.89 68
28.4 87.92 272 4.86 98.17 136
175 74.62 476 9.00 98.40 272
.81 | 68.25 | —73.3 17 15.56 97.25 544
135

