--- Страница 145 ---
Таблыца № 36 (продолжение)

16.35  73.24  4.4   81.7  13.90  51.82  37.8   88.5
17.50  73.19       85.0  16.20  52.40       95.3
18.68  73.06       88.5  18.85  52.55      102
21.37  72.62       95.3  21.92  51.95      109
24.50  71.85      102   25.32  50.58      116
27.98  70.75      109   27.25  49.47      119
32.40  69.34      116   20.40  47.97      122
34.92  68.28      119   31.85  45.80      126
37.58  66.86      122   35.78  41.90      129
44.01  61.30      129   38.80  38.80      130
55.00  55.00      133   0.00  0.00  71.1   52.9

0.00   0.00  37.8   26.8   0.34  1.96       54.4

0.07   1.17       27.2  0.96  5.92       57.8

0.67   9.63       30.6   1.67  9.46       61.2

1.28  16.42       34.0   3.09  15.53       68.0

1.90  22.03       37.4  4.59  20.21       74.9

2.55  26.88       40.8  6.22  23.67       81.7

3.85  34.16       47.6   7.20  25.34       85.0

5.23  39.76       54.4  8.14  26.46       88.5

6.70  43.96       61.2  10.24  28.44       95.3

8.28  47.07       68.0  12.45  27.15      102

9.96  49.23       14.9  15.47  25.80      109
11.82  50.79       81.7  18.30  22.95      412
12.82  51.30       85.0  20.90  20.90      113
м 37                   ЭТАН-—СЕРОВОДОРОД                   [663]

GH, —H,S

0   10.3} 10   7.8 | 13.6  80  —6.2 | 89.6" | —6.4| 20.4
10 |— 41| 2   3.8     89.0*| —6.4| 90   —6.8

20 | —44.4] 30   — 14      90   —6.8

30 | —14.9] 40  — 6.2    100  —5.8

40 |—172]| 50  —11.1     0   38.3 | 10   34.3) 27.2
50 |—48.8| 60  —16.0     10   25.8 | 20   29.6

60 |—20.2| 70  —19.5    20   18.7 | 30   24.3

70 | —21.0} 80  —21.0     30   14.0| 40   19.3

80 | —21.4] 90  —21.6     40   11.0} 50   14.7

90 |—24.6| 93*  —21.7     50   8.9 | 60   10.3

93% | —21.7           60   7.4 | 70    1.2

100 | —20.6           70   6.1] 80   5.4

0  26.1 | 40   22.6] 20.4  80   5.2 | 87*   4.9

10   12.4 | 20   18.2     87.0*  4.9 | 90   5.0

20   5.4 | 30   13.4     90   5.0

30   1.2} 40   8.6    100   6.1

40  —41.6 | 50   3.5     0  48.7| 10   43.9 | 34.0
50  —3.3| 60   —1.2     10   36.6 | 20   39.0

60  —4.9| 70   4.7     20   30.0 | 30   33.8

70  —5.9 | 80   —6.1     30   25.3 | 40   28.4
146

