--- Страница 169 ---
№ 73        ЧЕТЫРЕХХЛОРИСТЫЙ КРЕМНИЙ—ТРЕХ-        [292]
ХЛОРИСТАЯ СУРЬМА
Sid,— Sbd,
' 98.610   99.926   58.4    760   99.336   99.958   57.5    760
98.690   99.933    58.3          ‚ 99.789   99.886    56.9
98.730   99.937    58.3            99.842   99.986    56.9
98.963   99.939    58.0            99.839   89.988   56.8
99.168   90.954    57.8            99.499   99.996    56.75
М 74                          [1091]
ЧЕТЫРЕХХЛОРИСТЫЙ
КРЕМНИЙ—ЧЕТЫРЕХ-
ХЛОРИСГЫЙ  УГЛЕРОД
Sid_,— cc,
`х                  i        P
26.6       43.6       25      453.0
28.7       46.3              457.0
47.2       64.8              479.1
50.2       66.9              484.2
63.2       77.3              188.5
MN 75                     [28]     м                   [121]
ЧЕТЫРЕХХЛОРИСТЫЙ             ЧЕТЫРЕХХЛОРИСТЬИА
КРЕМНИЙ—ЧЕТЫРЕХ-              КРЕМНИЙ—МЕТИЛ-
ХЛОРИСГЫЙ  УГЛЕРОД               ТРИХЛОРСИЛАН
Sid1,— Cc,                     Sid — CH, Sid,
0.0    0.0    76.5     760         0.0    0.0    65.9     760
6.6    11.5    74.4                 4.0    6.7    65.5
12.2    20.2    72.8                10.0    14.5    64.7
19.3    30.0    71.2                20.0   27.2    63.6
27.6    41.0    68.7                30.0    38.5    62.6
36.7    50.5    67.2                40.0   49.0    61.6
54.0   68.5    64.2                50.0   571.6    60.7
60.6    72.4    63.4                60.0   66.6    59.8
67.0    78.0    61.6                70.0   74.2    59.0
78.3    85.3    60.0                80.0   81.8    58.3
92.5    95.3    58.4                90.0   91.0    57.5
100.0   400.0    57.2               100.0   100.0    58.8
170

