--- Страница 133 ---
мю                ВОДОРОД—МЕТАН                [258]
H,—CHy
х     и     t  | P, ата |  Е  |   у     t    P, ата
2.4   96.8 | —182.7   49    6.4    —   —163.0   78
3.6   97.5          76    7.1    94.2          90
5.0   96.9         102    8.5    93.6          97
6.4    —          139    8.7    94.9         103
8.1   96.8         164    41.1    94.2         138
8.2   96.4         174    14.9   92.0         144
—    94.8         206    15.6    94.0         187
9.7   94.4         224    3.2   86.9 | —454.0   36
2.2   947 | —169.9   39    6.3   92.5          7
4.0   96.4          п    9.2    94.1          96
5.4   96.4         104    9.9   89.8         112
5.2    —          111    11.6    88.8         140
7.5   95.8         146    16.2   87.7          187
10.5   95.7         475    3.8   85.5 | —146.0   37
13.8   94.2         234    6.7    87.4          62
3.3   92.6 | —163.0   32    9.3   89.3          85
4.2   92.7          49    14.3   86.9         134
5.8   93.6          66
м if                ВОДОРОД—МЕТАН                [350]
H,—CHy
1.70  15.83 | — 104.1  34.0 | 18.05 | 78.23 | —428.9 | 135.3
8.77 | 40.60       68.0 | 34.99 | 74.57      204.0
12.55  46.34       87.0 | 3.18 | 92.79 | —156.6  33.3
16.22 | 46.78       102.0 1 9.50 | 94.66       101.3
3.43   83.92 | —128.9 | 34.0   13.94 | 93.83         158.4
7.81   76.18         680 | 31.70 | 92.89         272.0
13.10   79.34         101.3
M 12         ВОДОРОД—МЕТИЛОВЫЙ СПИРТ         [765]
H,—CH,0
1.84   98.04   75     84    —   96.04   99.3    100
2.56   98.45         124    —   96.46         120
—   98.69      150   —  97.34      150 |
—    99.05         250    —   97.63         200
5.87    —          300    —   97.90         250
—    99.31         400    6.35 | 98.24         300
9.47    —          500    —   98.47         400
—    99.38         600   10.46   —          500
13.86   99.39         80 | —   98.71         600
15.66 | 98.92         800
134

