--- Страница ---
2.4 96.8 —182.7 49 | 6.4 — —163.0 78
3.6 97.5 76 7.7 94.2 90
5.0 96.9 102 8.5 93.6 97
6.4 — 139 8.7 91.9 103
8.1 96.8 164 11.4 94.2 138
8.2 96.4 174 14.9 92.0 144
— 94.8 206 15.6 91.0 187
9.7 94.4 224 3.2 86.9 —151.0 | 36
2.2 94.7 —169.9 39 6.3 92.5 17
4.0 96.4 77 9.2 91.1 96
5.1 96.1 104 9.9 89.8 142
5.2 — 111 11.6 88.8 140
7.5 95.8 146 16-2 87.1 187

10.5 95.7 175 3.8 85.5 — 146.0 37

13.8 94.2 234 6.7 87.4 62
3.3 92.6 —163.0 32 9.3 89.3 85
4.2 92.7 49 14.3 86.9 131
5.8 93.6 66

