--- Страница 132 ---
Таблица № 8 (продолжение)
—       96.3     —200     79.62     32.9     84.3     —190 | 166.76
12.0      96.4                80.14     34.4     83.1               177.0
42.7      5.9                80.24     38.8     80.8               185.82
16.5      94.8               119.83     38.1     80.5               190.82
46.6      95.4               4144.23     40.4      79.5               196.08
_       94.2               128.34     AAA     76.7               200.69
_       93.5               142.79     44.5     71.7               200.69
20.6      93.0               152.66     43.0     80.0               205.3
_       83.4               152.66     43.5     76.6               205.3
24.8      94.7               177.0      44.8     75.9               210.56
23.0      92.0               177.0      47.0     75.9               240.56
23.6      91.4               188.64     48.6     69.4               221.09
25.0      91.2               205.3      544      66.3               223.72
25.7      90-2               205.3       0        0       —185      2.46
26.5      89.3               223.12      3.6     84.0                17.24
27.5      89.0               225.04      5.2     86.6                22.11
0        0       —490      1.48      7A     88.8                34.39
2.7      89.9                417.17     12.6      —                55.4
10.2      93.4                54.19     12.9     89.3                58.85
12.5      93.2                51.19     13.4     90.2                58.98
17.0      92.0                89.36     20.3     88.8                89.36
19.5      91.8                89.36     24.1     88.7               113.18
20.6      90.6               109.89      —      88.7               128.31
24.0      90.7               4110.08     30.4     84.8               4128.31
22.8      90.4.               4140.08     30.3     84.8               128.44
24.9      88.9               128.31     44.0     77.4               166.47
25.4      88.8               4128.31     45.4     70.4               181.64
29.2      84.0               168.87
N_9                        ВОДОРОД--МЕТАН                        [533]
H,—Gy,
038     98.35 | — 4825     16.89     7.6      96.83 | —182.5 | 128.3
о.     98.54               24.64      8.19 | 98.46              128.28
1.0      98.84               55.82     8.9      97.83              166.87
ang     98.75               55.59     9.58 | 97.87              205.3
Е        99.05               79.59 | 10.2      97.89              195.75
59     98.82               99.34
133

