--- Страница 132 ---
№7 ВОДОРОД— АММИАК [$84]
H,—NH,

0.0 0.0 AA 498 2.30 | 70.38 71.4 | 170
0.24 | 83.70 34 2.90 | 73.95 204
0.40 | 94.44 68 3.50 | 76.40 238
0.55 | 94.04 102 4.40 | 78.34 272
0.70 | 95.24 136 4.70 | 79.80 306
0.85 | 95.95 470 5.30 | 80.98 340
1.02 | 96.40 204 5.90 | 84.85 374
1.20 | 96.64 238 6.50 | 82.66 408
1.40 | 96.90 272 0.0 0.0 104.4 | 67.29
1.60 | 97.05 306 0.04 | 0.86 68
1.84 | 97.45 340 145 | 24.62 402
2.03 | 97.48 374 2.26 | 33.00 136
225 | 9720 408 3.36 | 40.56 170
0.0 0.0 37.8 44.44 4.50 | 46.20 204
0.25 | 53.50 34 5.60 | 50.24 238
0.56 | 74.90 68 6.70 | 53.43 272
0.85 | 8183 402 7.75 | 55.80 306
1.45 | 85.62 136 8.85 | 57.88 340
1.47 | 87.79 470 9.95 | 59.52 374
1.84 | 89.23 204 11.05 | 60.96 408
2.47 | 90.33 238 0.0 0.0 424.4 91.6
255 | 94.10 272 1.02 | 5.30 102
2.95 | 94.65 306 3.09 | 15.93 136
3.35 | 9249 340 4.90 | 23.32 470
3.75 | 92.46 374 6.50 | 27.95 204
4.43 | 92.70 408 8.05 | 34.25 238
0.0 0.0 71.4 33.54 9.53 | 33.60 272
0.01 0.99 34. 11.10 | 35.28 306
0.65 | 42.20 68 12.47 | 36.45 340
1.15 | 57.65 102 13.67 | 36.79 374
4.70 | 65.54 138 15.00 | 37.04 408

M8 ВОДОРОД—ОКИСЬ УГЛЕРОДА [240, 1052]

H,—CO

TT Tel T=
3.0 97.9 | —205 16.98 | 15.8 96.8 | —205 | 452.26
3.3 98.2 24.74 | 16.3 94.6 152.26
4.2 97.6 26.58 | 18.8 93.9 190.82
49 98.6 31.65 | 20.2 93.4 215.03
— 98.7 41.26 0 0 —200 0.33
6.2 98.5 41.32 3.3 | 96.7 17.3
6.3 97.5 44.32 — 95.4 22.47
— 97.1 79.75 — 96.4 34.45
10.2 97.7 79.75 5.6 97.5 31.85
— 96.2 118.44 — 97.0 50.93
13.8 96.5 121.07 | 84 | 96.7 51.06

132

