--- Страница 254 ---
№ 249               МЕТИЛОВЫЙ СПИРТ— ВОДА              [351]
CH,O— H,0
0.0      0.0    99.2    735.0    24.0     68.0    79.9    735.0
0.84     10.3    96.5             48.0     79.0    70.6
2.58     22.1    92.3             97.2     82.0    68.7
6.80    39.1     87.5             74.1     90.6    66.4
13.7     56.8    80.1            100.0     100.0    63.7
м 250             МЕГТИЛОВЫЙ CUHPT— BOA              [414]
CH ,O—H,0
2.02       14.44       25         26.7       1.505       0.98
4.03       25.57                 30.0       1.503       0.98
6.20       34.63                 34.0       1.498       1.00
7.94       81.60                 36.3       1.505       1.02
14.45       50.47                 42.6       1.482       1.04
20.17       64.74                 55.3       1.403       1.03
39.73       79.04                 75.4       1.186        1.10
65.79      89.08                 96.2       1.029       1.30
81.37       95.21                 109.9       1.008       1.42
100.00      100.00                126.6       1.000        —
№ 251            МЕТИЛОВЫЙ СПИРТ—ВОДА             [442]
CH,O—H,0
x       и       Е       Р       г       UV       t       P
0.0      0.0    100.0     760     40.0     72.9     75.3     760
2.0     13.4     96.4            50.0     77.9     13.1
4.0     23.0     93.5            60.0     82.5     71.2
6.0     30.4     94.2            79.0     87.0     69.3
8.0     36.5     89.3            80.0     91.5     67.5
10.0     41.8     87.7            90.0     95.8     66.0
45.0     51.7     84.4            95.0     97.9     65.0
20.0     57.9     81.7            100.0    100.0     64.5
30.0     66.5     78.0
255

