--- Страница 134 ---
№ 13                            ВОДОРОД—ЭТИЛЕН                            [146]
Н.—С
0.0         0.0        —85       2.64       1.20       94.7       —105      23.4
0.7        76.8                   14.4        1.30       83.5                   32.6
17        85.6                   29.5        1.40       93.1                   343
22        87.4                   33.4        1.55       94.7                   34.8
2.75       85.7                   42.7        222       93.4                   44.9
36        90.2                   52.2        2.40       85.8                   48.8
52        93.0                    79.0        3.15        95.7                    58.4
0.0         0.0        — 5       4.59       0.00         0.0       —415       0.49
0.8        80.6                   41.0        0.45       90.6                   10.0
1.03      85.2                   [7.6        0.60       92.7                   16.4
1.96       91.8                   31.8        1.03       94.5                   24.8
1.9        92.8                   35.2        1.40       94.7                   27.3
2.32       94.9                   38.4        1.48       95.8                   33.9
2.6        92.2                   ABA        1.92       96.4                   44.2
3.4        93.4                   57.0        2.45       95.7                   50.3
AT        94.2                   74.2        2.80       95.9                   59.5
0.00        0.0       —405       0.93       3.40       97.7                   72.2
4.10      89.8                   18.6
№ 14                            ВОДОРОД—ЭТИЛЕН                           [10843
H,—G.Hy
0.84 | 1436 | —17.8        34         1.97      81.46      —73.3       34
5.38 | 49.47                    88        4.46      88.43                    68
14.63 | 57.64                   136        8.48      91.55                   136
25.70 | 57.40                   204       16.40      92.60                   272
35.98 | 54.49                   238       30.78      89.74                   544
1.54      94.88     —31.7        34        0.75      92.70 | —404.4       47
5.28      59.17                    68         1.53      93.96                    34
12.82 | 70.54                   136         3.04      96.67                    68
29.27 | 74.43                   272        5.90      97.35                   136
39.52     60.47                   340       11.03      97.28                   272
Ve     24.08     —45.6        47       19.46      96.33                   544
97 | 55.55                    34        0.65      95.55 | —445.0       17
1-7      73.04                    68         1.30 | 97.63                    м
one!      80.92                   136         2.51      96.89                    68
я 7     87.92                   272        4.86      98.17                   136
0%       741.62                   476         9.00      98.10                   272
1      68.25      —73.3        {7       15.56      97.25                   544
135

