|
0.70 8.47 10 34 ! 1.87 91.63 —73.3 ЗА
5.92 38.18 65 3.90 94.77 68
16.38 52.58 136 7.74 95.98 136
24.48 52.26 170 15.13 96.07 212
0.22 10.74 —17.8 17 28.00 94.64 544
1.95 47.58 34 0.77 95.78 — 101.1 17
5.51 67.22 68 1.56 97.08 34
12.57 76.93 136 3.15 98.59 68
27.89 78.65 272 6.06 98.78 136
31.04 57.52 408 11.27 98.61 272
0.77 58.06 —45.6 17 20.42 97.78 544
2.06 78.81 34 0.62 99.20 —128.9 17
4.15 85.97 68 1.20 99.60 34
9.92 89.78 136 2.31 99.79 68
20.21 90.74 272 4.23 99.83 136
40.03 86.86 544 7.60 99.56 272
0.84 85.01 —73.3 17 13.31 99.16 544

|
