--- Страница ---
1.9 86.9 | 23.9 22.4 22.9 99.5 —28.9 | 507.5
6.2 95.4 76.9 1.7 99.2 —45.6 35.2
8.0 96.4 103.1 3.0 99.4 54.4

21.6 97.4 306.2 7.0 99.6 138.8
34.1 97.5 516.4 11.9 99.6 258.6
1.6 93.1 4.4 24.1 18.0 99.7 435.5
3.6 96.7 53.9 1.3 99.8 —73.3 22.9
11.1 98.3 162.6 2.4 99.8 54.8
18.2 98.4 282.4 4.0 99.8 98.7
30.2 — 534.2 7.1 99.8 191.2,
1.65 95.8 —12.2 20.8 9.6 99.6 218.3
4.0 97.9 55.9 14.9 99.85 416.3
10.5 98.9 163.9 1.0 100.0 —101.1 20.4
16.3 98.9 270.8 2.0 100.0 56.8
16.2 98.9 285.8 3.7 100.0 127.9
26.0 99.0 495.4 | 7.3 100.0 289.2
26.8 98.8 517.4 11.6 100.0 502.2
27.4 98.8 527.4 1.0 100.0 —128.9 37.1
1.5 97.9 —28.9 21.4 3.0 100.0 139.5
3.6 99.0 57.7 5.0 100.0 282.4
1.4 99.3 134.7 5.3 100.0 282.4
14.45 99.4 284.5 6.7 100.0 486.6

