                  ВОДОРОД_МЕТАН                           [258]
Ni1(
                                H2CH4
                           Р, ата                           Р , ата
    ?       9        t                  T
                -182.7     49    6.4        -163.0     78
  2.4 96.8
                                 76    7.7 94.2               90
  3.6 97.5
                               102    8.5  93.6               97
  5.0 96.9
                               139    8.7  91.9             103
  6.4
                               164  11.1 91.2             138
  8.1 96.8
         96.4             171  11.9 92.0             141
  8.2
                               206  15.6 91.0             187
         94.8
         94,4             221    3.2  86.9_151.0    36
  9.7
  2.2 94.7_169.9    39    6.3  92.5               77
                                                  91.1               96
         96.4               77    9.2
         96.1             104    9.9  89.8             112
  5.1
  5.2                       111  11.6 88.8             140
                                        16.2 87,7             187
    7   95.8             146
10.5 95.7             175    3.8 85.5~146.0    37
                               234    6.7  87.4               62
13.8 94.2
                _163.0    32    9.3  89.3               85
  3.3 92.6
  4.2 92.7               49  14.3  86.9             131
  5.8 93.6               66
                  ВОДОРОД_МЕГАН                           [350]
Ni11
                              H2__CH4
                            Р, ата                         t    P,ата
     '                                                У
                    101.1 34.018.0578.23_128.9135.3
 1.7015.83
                                       34.9974.57          204.0
 8.7740.60            68.0
12.5546.31            87.0  3.1892.79 156.6 33.3
         46.78          102.0  9.5094.66          101.3
16.22
                               34.013.9493.83          156.4
 3.4363.92_128.9
                               68.031.7092.89          272.0
 7.8176.18
13.1079.31          101.3
      ВОДОРОД_МЕТИЛОВЫЙ       СПИРТ             [765]
Ni12
                              HzCH4O
                           P , ата                           Р, ата
                                             T        У        t
     ?        9
                                                 96.04 99.3   100
 1.8498.01   75       84
                                121          96.46             120
 2.5698.45
         98.69             150          97.34             150
                                250          97.63             200
         99.05
                                300          97.90             250
 5.87
                                400   6.3598.21             300
         99.31
                                500          98.47             400
 9.17
                                600 10.46                      500
         99.38
                                800           98.71             600
13.8699.39
                                       15.6698.92            800
134
