--- Страница 170 ---
ИЛДИХЛОРСИЛАН—ЧЕТЫРЕХХЛОРИСТЫЙ КРЕМНИЙ [121]
№ п MET                CH,SiCl,—SiCl,
0.0           0.0        56.8           760           40.0         52.0        48.4           760
6.0       12.5 | 55.5                    49.5       60.2 | 46.6
40.0       18.0 | 542                   69.0      76.5      44.4
:        25.0      53.05                  89.5       92.6      42.
ae       34.2      52.4                  100.0     100.0      44.4
29.5        42.0       50.2
№ 78      ЧЕТЫРЕХХЛОРИСТЫЙ КРЕМНИЙ АЦЕТОНИТРИЛ      [118]
Si      C,H,N
0.0            0.0          84.5           760            —            1.00
5.0           53.0          62.0                         7.9            4.00
40.0           66.0          54.2                          6.6            1.05
415.0           69.0          50.9                          5.5            1.10
20.0           69.4          50.2                           .               .47
30.0           69.4          49.4                          3.8            1.30
40.0           69-4          49.1                          2.5           1.50
50.0             .              4                           7             7
60.0           69.4          49.1                          4.55           2.45
70.0           69.4          49.1                          1.40           3.25
80.0           68.4          49.4                          1.25           4.5
.            70.              4                          1.20            5
90.0           78.8          50.4                          4.42           6.6
(oo           80.0          52.3                          1.05           8.2
.           100.0          58.9                          4.00            —
Примечание, Данные рессчитаны по графику, приведетновгу в статье,
М 79 ЧЕТЫРЕХХЛОРИСТЫЙ КРЕМНИЙ—ТРИМЕТИЛХЛОР- [118]
СИЛАН
siCi,—C,H, Sicl
0.0            0.0          57.7           760            —             1.00
40.0           13.0          56.7                          4.35           1.04
20.0           24.7          55.8                          1.28           1.02
80.0           34.3          55.2                          1.24           1.03
40.0           43.0          54.7                          1.16           1.06
50.0           50.6          54.5                          4.40           4.10
474

